(0,17)	(1,17)	(2,17)	(3,17)	(4,17)	(5,17)	(6,17)	(7,17)
(0,18)	(1,18)	(2,18)	(3,18)	(4,18)	(5,18)	(6,18)	(7,18)
(0,19)	(1,19)	(2,19)	(3,19)	(4,19)	(5,19)	(6,19)	(7,19)
(8,18)	(9,18)	(10,18)	(11,18)
(8,19)	(9,19)	(10,19)	(11,19)
(12,16)	(13,16)	(14,16)	(15,16)	(16,16)	(17,16)
(12,17)	(13,17)	(14,17)	(15,17)	(16,17)	(17,17)
(12,18)	(13,18)	(14,18)	(15,18)	(16,18)	(17,18)
(12,19)	(13,19)	(14,19)	(15,19)	(16,19)	(17,19)
(18,19)	(19,19)	(20,19)
(21,16)	(22,16)
(21,17)	(22,17)
(21,18)	(22,18)
(21,19)	(22,19)
(23,17)	(24,17)	(25,17)	(26,17)	(27,17)	(28,17)	(29,17)	(30,17)	(31,17)	(32,17)	(33,17)	(34,17)	(35,17)	(36,17)	(37,17)	(38,17)	(39,17)	(40,17)
(23,18)	(24,18)	(25,18)	(26,18)	(27,18)	(28,18)	(29,18)	(30,18)	(31,18)	(32,18)	(33,18)	(34,18)	(35,18)	(36,18)	(37,18)	(38,18)	(39,18)	(40,18)
(23,19)	(24,19)	(25,19)	(26,19)	(27,19)	(28,19)	(29,19)	(30,19)	(31,19)	(32,19)	(33,19)	(34,19)	(35,19)	(36,19)	(37,19)	(38,19)	(39,19)	(40,19)